id,Assembly Required,Color,Commercial / Residential,ENERGY STAR Certified,Features,Finish,Flooring Product Type,Hardware Included,Included,Indoor/Outdoor,Package Quantity,Shape,Tools Product Type,Voltage (volts),Wattage (watts)
114689,0.00010650059456497019,0.00035776811300442896,0.0005869567880969372,0.0003633740366756754,0.0001821905832874033,0.2631762897207204,0.00033267254947781953,0.0004986670241532677,0.00041440146088754433,0.16369423702962144,0.5659818309785355,9.722844557627127e-05,0.0024934475098529413,0.0014971445787947447,0.0002172905867507584
183172,0.00039260787937079147,0.0022685648058359425,0.0007287253163262467,0.0014891221972295173,0.0004294297490005317,0.00018056012636753682,0.00021394412275616988,0.00018555394078442094,0.002326740787025149,0.0018943671002022689,0.0005725606596731455,0.00011562356104176261,0.7444004706253897,0.2444871203939948,0.0003146087350019599
217304,0.004978550528604385,0.026720254803043488,0.0015731961671798624,0.0024583905089595112,0.0019252282553872963,0.0060631732941585584,0.0006466266800210476,0.0025416370836044808,0.016324254173166138,0.009707420005352206,0.8605695567193474,0.0038519424467309245,0.04994139212260757,0.011230783534909063,0.001467593676928037
184115,0.0007992067111011174,0.00933096064234623,0.20734944596842772,0.005368505671063153,0.003544427930137765,0.0034396649579915483,0.379987397497839,0.006273365008625892,0.003364195044816852,0.36650127503797497,0.0036330896993165985,0.006234571170832321,0.0007751088089737699,0.0006322292523285668,0.0027665565982242938
103786,0.02346787257401519,0.3135056158301279,0.20555480530516812,0.01853412463293508,0.021414724173255816,0.020129746539877348,0.013246612809285935,0.12292195069101257,0.024266363440734053,0.15906134352920553,0.007126690460278355,0.04271241367458334,0.00046961830624022853,0.0058877252259630095,0.021700392807317354
202789,0.0014758666030513748,0.00043548055176398837,0.00035390345340089515,0.0002907340616761522,0.00033236268712522586,0.0004472744165023236,0.00010629763651523513,0.00015149068915080823,0.0036350430846267007,0.0008266104699003502,0.0003379232619028798,0.00020900828028813583,0.349099915035842,0.6420525588712761,0.0002455308969778044
208062,0.8774692229099443,0.02501763522239614,0.0005443281433591266,0.0029119767590103656,0.0007636909124929338,0.0008243834944508868,0.00017653596180823613,0.028244803110393603,0.0006655741763917479,0.0002261015126175344,0.0004605192090284765,0.06244040963411639,7.352544521181824e-05,0.0001352040350865994,4.608947369156827e-05
177644,0.0048026828880241325,0.00980073360240026,0.1210081764662539,0.03533140177446413,0.00457489756362616,0.009502652342338902,0.013577136603131305,0.01775889584333311,0.021704929842084917,0.6181342758306742,0.04684463349563696,0.009134612866913052,0.01147266640724077,0.05082277065017709,0.025529533823701052
117538,0.0018404999663801439,0.1296350037388843,0.007621683335819785,0.01109026674150173,0.002035823672058196,0.0009841557858095045,0.004652623481645942,0.0004626741921332519,0.0015418028120475799,0.7983717778594929,0.006558080315425068,0.002407454488802691,0.004985151062354807,0.017490035022659903,0.010322967524984291
198085,0.005924546151499476,0.07251047689003401,0.010176259968214939,0.009763878742952325,0.04259271384114926,0.06860494049380797,0.00928552114660269,0.5557906644352555,0.06736879974220074,0.020717035195199913,0.07773970641069357,0.04480183524378892,0.002495722695496591,0.006291651996936163,0.005936247046167959
151405,0.28064821001886003,0.23172742609528588,0.09933360319175841,0.010372324060719435,0.01651697471977428,0.03951133468365144,0.006077492581514772,0.12120519716052398,0.04573253967632816,0.012674137620090188,0.02682801344105221,0.05822681509252338,0.022672077378278144,0.024874349444240825,0.003599504835399048
168677,0.035442268786785185,0.41211430848561414,0.025700107721256017,0.13315687512743954,0.026909883081302897,0.01155512838033582,0.00484932209054778,0.027172077331545523,0.04470688512960439,0.020557940622491944,0.0695522915173216,0.1559795392449498,0.0034390542718488776,0.007634532131499702,0.021229786077456833
138021,0.04928147327217622,0.08239355834896664,0.0036888107126416057,0.046640037150701634,0.06979354141474013,0.000981613484242233,0.0024218157285695783,0.002572636719668475,0.015031348065107721,0.4706937612627134,0.004374565120176961,0.015494217922349418,0.03028241002994411,0.10623463050813267,0.10011558025986919
215825,0.019996452113503017,0.017541810856753527,0.018196886150382095,0.006267223507689401,0.001702605864897372,0.0002605215434528958,0.011006079070681933,0.004349154542828183,0.007763579862683258,0.03418025700212875,0.017809618612006244,0.0006296952869962657,0.7413368383894571,0.11465482624923083,0.0043044509473092255
137724,0.006273438949942648,0.025765820046299837,0.01900810209833874,0.005819223244525458,0.002128366817250949,0.019274906135039453,0.008018546685292616,0.004511595987444247,0.0005462879982164161,0.06143545496273774,0.8097992791928699,0.015467390335880621,0.006884572130809843,0.009448883821542315,0.005618131593809073
155792,0.04210115793846046,0.18792085289597055,0.041136496390058605,0.04669843295673693,0.05264832483675812,0.0981368765862802,0.005624290737525652,0.3593232134817955,0.04815063296457914,0.029636322649244047,0.037727445528053204,0.00912504621731769,0.003390007741930325,0.028891270546355433,0.009489628528934342
169327,0.004413691031942785,0.007508843806739919,0.017291279735928068,0.35370295394998985,0.010436741607312946,0.0013098357582172135,0.00027789904174819666,0.02016974636512672,0.015177080893430901,0.0113664607802506,0.0006828396043126982,0.008574460396781582,0.0001694139243749508,0.004158326329620089,0.5447604267742236
123993,0.00964233102789909,0.028525344671854604,0.03120157520216015,0.03155708759134563,0.005913761284983581,0.04002424622672913,0.005967679572102111,0.3333580705303009,0.023328144560233986,0.015778372235237884,0.022300400522773937,0.4342985900662582,0.0018727379366881075,0.005371891744716345,0.010859766826716303
199552,0.044981850873630255,0.05228357868090749,0.023057298963625544,0.14027522173639617,0.012229222982357846,0.015359338289103356,0.006844246194127514,0.16358771559135113,0.09629428625552265,0.015307183149885552,0.07515472350286741,0.3007198588295792,0.01148093575744138,0.003676607293853635,0.03874793189935099
203795,0.01127235815787663,0.20403801413458708,0.1702175848093886,0.03719067710395061,0.010849185832773563,0.012325529410085237,0.018327121665587788,0.030298387956354495,0.01900071003885501,0.02969046161080617,0.34317469041437826,0.01415713017018164,0.05272525583929959,0.03653873697482888,0.010194155881046633
192622,9.528461757472861e-05,0.0035526623010412755,0.20562993315015635,0.04487006179705208,0.020206152765237788,0.00017494779902420523,0.0007793670671852983,0.0016650659188580238,0.001282860325195939,0.3096559458740606,0.012269624607817348,0.010060331002447036,0.0001695146338594416,0.015965188598014445,0.3736230595424755
201806,5.5006111505954015e-05,0.00850204082139553,0.012748654965827529,0.6322371361922294,0.002653584834868031,0.0007070218223825331,0.00021386095441512518,0.06615583675086667,0.02060812037815133,0.044876037946903244,0.003400330331815977,0.019619956848412622,0.0003471428941775593,0.00926236090556012,0.1786129082414886
108711,0.004759095366441222,0.021844775225488472,0.008673069742001724,0.01639008762093613,0.582882550694338,0.00552280915417554,0.001844799407418632,0.15784749037824217,0.16158590612855525,0.005454277765447339,0.0007521359595308229,0.02285088747677995,0.0009755382187542664,0.004337654329020302,0.004278922532870234
129152,0.012178400171920638,0.0939256995919766,0.007492698173048328,0.004031767515661648,0.006491822884533815,0.0044984412266797546,0.003273949570409265,0.026568818107900904,0.021231497200014972,0.05139318779349684,0.2834837480202011,0.003740705381472793,0.4696259956801946,0.009311781487705915,0.0027514871947827563
164388,0.11241448370541723,0.009365595157847028,0.006328353653871761,0.015776543603394984,0.011129145679597064,0.3542269925309191,0.0010865565906041687,0.19304417099817245,0.200597135707515,0.0029316187517837264,0.004357173502703044,0.07693772526111672,0.0004763225577606053,0.0038391076506433244,0.007489074648653649
208825,0.018515219800544342,0.045983015679903774,0.015391774598468752,0.011589627274893178,0.0011453098686751808,0.04546685418397019,0.036998524219362006,0.14668416405696352,0.0015211096949250668,0.10483528700543812,0.07331503053132739,0.4518728689627691,0.03547060182857175,0.0023171139680534386,0.008893498326134204
117582,0.05965569078229595,0.04073652544681337,0.006059824682207963,0.030800993912870687,0.011767769514759411,0.09917120366681158,0.0008572235724954688,0.02228748694514375,0.644730860404023,0.010640204686897036,0.010957888610560825,0.03382808711100425,0.015264682533802499,0.00815671268610709,0.005084845444207143
171221,0.04109183094513157,0.01655541132746768,0.01891649735707737,0.30084373908411655,0.004682814977737409,0.014525889258787087,0.007981465584767157,0.3837798942008147,0.0267827503860509,0.014042129838977567,0.008146439996797199,0.10468389194048391,0.0020679594166511813,0.014177320305785305,0.0417219653793544
122140,0.0017444073024219108,0.003818502220695255,0.016878829383195293,0.03699478381859977,0.002574652570566789,0.0047398621881664,0.002150180269042123,0.0460727874148314,0.013707976497574206,0.7479246631656801,0.05117572621492112,0.030917745018609565,0.011440608457300704,0.014743771215470563,0.01511550426292489
167146,0.7890966143831669,0.10299966817651386,0.00965005085381606,0.006442204371527464,0.002962093888420597,0.005101579801449146,0.0011842311833195718,0.035576220591311124,0.004709778712895562,0.004041684490213486,0.007497690179609507,0.02967033425575171,0.00027701346467222995,0.0003782304701536189,0.00041260517717923816
217765,0.02410101547860343,0.01322462101661858,0.02558301322734415,0.3143786488465357,0.009469446577350469,0.003786660796851836,0.001456942516776134,0.025878920633042177,0.061715639386541905,0.006739971329622854,0.0011905800053797733,0.009746947368482337,0.001112076600087265,0.0012995853170382576,0.5003159308997251
207068,0.6981108873159508,0.037422713442290936,0.001438196083955616,0.0015988856645672465,0.0015784192786217118,0.04421541462910129,0.00035648857067692804,0.017229115032212902,0.002834177742654739,0.0006157750105384987,0.003003740831185224,0.19112205908582466,0.00023696632133467105,8.832363084239673e-05,0.00014883736024230552
169558,0.000345628318836628,0.003206544425449875,0.4160469791089099,0.0029212490985455596,0.0006437481135723728,0.0007972537578565338,0.4292971545916039,0.001560568559160848,0.00017659632250033156,0.1391088020206021,0.0010762682843373783,0.003993093639568277,0.00014537532254526203,0.0004076812780517,0.00027305715845936797
170080,0.0304779445092976,0.057177704195884714,0.1299998188326431,0.015259224693362,0.032067091627893604,0.009230907778241837,0.023792236746173853,0.0021055243422993,0.0047556892907109375,0.2316912587393234,0.42744146828438734,0.012527505737312677,0.002269217451468377,0.006510711426548567,0.014693696344452622
218314,0.485860553137505,0.06576871443603513,0.09091111805518536,0.02961016786336886,0.011074549497306315,0.014794054327210487,0.008910897897325777,0.07519954417155719,0.0483062645206395,0.03909686494900002,0.023723635566730163,0.06324988150590484,0.003032000237849695,0.010557638386912658,0.029904115447469026
205872,0.008588608686385306,0.06100045061131234,0.001929120966961892,0.0046844689873660065,0.0012762548408946821,0.010548429937217987,0.0024496569202182624,0.5613350754538649,0.0004981524292314654,0.013038248272555182,0.014865794161065544,0.3145846434741627,0.0007446262397457849,0.0007647840533932905,0.003691684965624489
130881,0.0005272804794939212,0.0016804895517625897,0.39786453607195893,0.001619845887129853,0.00018189055939428207,0.00012103999878163561,0.3597266282235987,0.00017891880561758642,0.00010648495951616814,0.23625313640322057,0.0002750943912288195,0.0006317504193739992,3.647692868476827e-05,0.0005597393648780354,0.00023668795536021752
178244,0.3018784337077593,0.2771331974008923,0.03031435743829978,0.09912028227707179,0.002075792184725596,0.06233307131460613,0.001699914887047472,0.10699287629691823,0.013747906076041965,0.013612467243772259,0.03176251993066382,0.03759137757908765,0.004996902480187004,0.0032214231722116644,0.013519478010714982
184615,0.0013272561325690041,0.0018686409326868017,0.16042825643404404,0.127281367427259,0.03657897959419469,0.0010179064483038227,0.0008076562668842301,0.026560502197155417,0.00364731741515542,0.29937562039045484,0.02508395405067949,0.004405778382862646,0.0022410183643255368,0.05116293969579575,0.2582128062676293
178317,0.10529920966538395,0.14968318537739211,0.030824766751583108,0.004286689047441352,0.0033890078728209677,0.2515229263403293,0.005950828417945841,0.019499921854941437,0.006046465585908719,0.05063349538659942,0.11075343360531448,0.012108279030604177,0.22922473737514704,0.016330141608950494,0.004446912079637513
105342,0.0038726116190821403,0.001965454643498724,0.01021626131412128,0.5438867316128052,0.014047415779215868,0.0022726895617586748,0.0012565672568221609,0.12243855680682032,0.05394824636963538,0.02611671078255009,0.0005610259970603954,0.08126357765563055,0.0013507220384749335,0.004534149144011339,0.1322692794185131
182402,0.0014424932393439199,0.0012383293817697504,0.43306032148045326,0.0025024939182424727,0.0017577466469078321,0.0003357604118863947,0.35430845732376953,0.0015574171312990688,0.00042125518751380433,0.1949861733642493,0.0009571722892412372,0.005067923536962667,0.00011580996210579078,0.00128834491508613,0.0009603012111689752
158048,0.03142100209794917,0.11797257212422378,0.009035794899354039,0.012167254515307839,0.001630199087015924,0.0005036572354235254,0.0019395061228741695,0.004839611131970058,0.20848560039144193,0.01802116256871527,0.0016298143710844364,0.006348762862064198,0.5733909541821336,0.01178454256450208,0.0008295658459400148
107699,0.03317251592555698,0.010596401342847847,0.2361068258207982,0.05076272510324037,0.10864481933829442,0.010788408822192884,0.003228190931740923,0.029921524198501644,0.11663640034048861,0.07620957440279671,0.025922542841531473,0.041963182056439514,0.06684056767150896,0.11313024093434168,0.0760760802697199
128531,0.0003059920498336374,0.0019364966601318496,0.40339859423472496,0.0008720140095541378,0.00038390498258659555,0.00023571317535032684,0.37348264334524384,0.0006345869159599024,7.867296551055438e-05,0.21543199035119595,0.0004751188315032801,0.002454003188893467,3.903314579212401e-05,0.00017068066872587837,0.00010055547499358266
222811,0.0928364217566296,0.0842014798379841,0.017304196921645875,0.040309849401155166,0.037269647158055905,0.07799072576379747,0.003864704281665193,0.11187210934193806,0.3363434977302707,0.02231691213933727,0.06215275488000591,0.03475201454161539,0.031199644279586856,0.010785796232159793,0.036800245734152824
207170,0.010313811239205706,0.011382569955353387,0.038773676790714355,0.5976552499864919,0.007631466821942987,0.0033330678691696892,0.0017665575295073978,0.025980279911052975,0.011608281066998637,0.10854883695810183,0.0026711290749474896,0.0034075927701548137,0.001565621952832687,0.025441183139111898,0.14992067493441413
169811,0.12080499269727449,0.24127481922046043,0.0055442648810248305,0.15128025684246763,0.03241700517507134,0.00516380746118048,0.0010117946376511783,0.036995157141972025,0.07947569904482875,0.03330680626179355,0.009063874544526547,0.008826177522958426,0.03638400566775737,0.1688608251264292,0.0695905137746037
100408,0.06317644580440547,0.024550390663905935,0.0039313138324451906,0.0012680327094575622,0.00390427989239236,0.013759557787048309,0.005250974261615016,0.03560568626707088,0.03892259397453178,0.0011412325415739548,0.017332461665693567,0.007351702504455109,0.7372634493943181,0.04529075830548803,0.0012511203955988125
101524,0.010565251751043182,0.15511816989529273,0.08451759108446306,0.0064313836409916735,0.01857723145743055,0.07291529527045945,0.043804426832012806,0.008004345298357403,0.02726060072248181,0.3552502391577724,0.07757363938563418,0.1141074720620686,0.010345385133557353,0.013649958081943444,0.001879010226491067
143000,0.11444541472575831,0.2602867014759115,0.02191598210214538,0.009405227827674955,0.051650610447284695,0.1482992415786801,0.003245532479813505,0.09818308133788263,0.08990999196284262,0.034898023943134036,0.03789599958886224,0.0065914408118003314,0.11039561551374494,0.011297992248725077,0.0015791439557396223
132078,0.5104179215841931,0.1925848340250509,0.06369280102171945,0.015228277492063801,0.01145037401421675,0.018289806074145442,0.004693305034158101,0.04583198703646234,0.047682589357306855,0.010356026771075177,0.028532944326633006,0.008367850124663819,0.030603317239184795,0.0056834641034704415,0.006584501795656092
219667,0.004806954773437144,0.003601013823445651,0.0008540289716945412,0.6583270103844796,0.01894704508137477,0.0017686732063528427,0.0003554760534067087,0.06685930915477488,0.05024676767200899,0.009638362183303628,0.001011819501356641,0.022040253644625703,0.00016489404433526746,0.001308437385190422,0.16006995412021335
188640,0.0007136727424836394,0.0015574814636436863,0.2844222863321409,0.0005558960517875148,0.20106092441150145,0.000567719062750981,0.26599055388827436,0.0008767085260584772,0.0007735664267963665,0.2372280596479098,0.0007741106469927678,0.003419250777411471,0.0008808782436277436,0.00047835591946662764,0.0007005358591542254
196348,0.03483761847607315,0.10889210346176799,0.02195644792736055,0.008014016843991726,0.004381205989471659,0.023911252974747815,0.0026356273845887426,0.015619411574766616,0.051891780589831925,0.04360563608374816,0.5148536565244654,0.11516512191016468,0.006467720119229651,0.027007017044685395,0.02076138309510655
200257,0.001991378238328459,0.00608150844177736,0.0003485512760086813,0.014837915817803485,0.00017703837223616767,0.00023800138504699383,0.0001448992754501417,0.003208715964940987,0.00013526112664932776,0.0009296223377501338,0.00015034195197385572,0.0004910929159871991,0.00030514409368453526,0.11868029266191785,0.8522802361404447
171381,0.01969018103573186,0.5262356356505039,0.05987165231355136,0.01027067533444633,0.016737690370186655,0.01848561234696948,0.026540464515413684,0.009187022881425429,0.004278043963753449,0.2149982185685208,0.015512376372411077,0.0447673913274382,0.007850890270351782,0.012011950822365506,0.013562194226930563
210398,0.005837233256593115,0.015103837491525055,0.0013600296419867216,0.04198877373466246,0.0012299585194980266,0.02614373774054846,0.0007018129743076144,0.6341734308045643,0.035380291766366395,0.0013818914032664214,0.018420230684137503,0.21293902287945057,0.00019874714043139813,0.0006233445508042162,0.004517657411857791
126052,0.01123707687420515,0.004903735009751964,0.009697753027545887,0.003803852942142091,0.003168813889271472,0.022920220068187634,0.003642657262875708,0.01888890749074603,0.005335354063014066,0.22807761866646575,0.5905868420835734,0.031165986948718943,0.06381192655653976,0.0019441276860924013,0.0008151274308696725
111266,0.03486640126014379,0.007594157658281471,0.24676044019426913,0.0006689394828705442,0.3128773672840818,0.0013365735392667874,0.1893667344635268,0.0012363103261965262,0.003011413419736041,0.18819668107931115,0.0011375248129924264,0.010615888452076887,0.0008417574110450447,0.0008245095056928554,0.000665301110508813
130716,0.030224844412885525,0.15130744786139108,0.07358929538501077,0.03782996639476708,0.0035974613674301975,0.007553130163741025,0.005068267308468881,0.08732848456089926,0.12396952036196485,0.1458873530820816,0.05932951566532483,0.037985032358469534,0.19111469228199818,0.020536148523546707,0.02467884027202048
106068,0.039055930517844666,0.1308477064065518,0.1115780094032589,0.020501475656989916,0.013553753474507404,0.017844911411156687,0.2523719428772369,0.018614640556692708,0.013760117922075873,0.16431924731846909,0.09969222174100006,0.06279581033438045,0.04207084426817795,0.006336640032705462,0.006656748078952071
133841,0.008374303696997926,0.0479855502946486,0.008194687829240715,0.05309053955422348,0.007996132522155178,0.0062522250590378,0.0032246400997183056,0.029051974382111854,0.11413949941336636,0.026742779499820044,0.0022231220318455476,0.37585631081138143,0.0008121071497892759,0.13143127970915988,0.18462484794650375
173396,0.027154399241303574,0.08630261423857852,0.058700912333014985,0.015113386862172985,0.16680988037021371,0.01971881326909393,0.02120024949020619,0.025237637297564505,0.020393758118474548,0.09386534794322836,0.05674149211555373,0.22587562689635554,0.03056346725356594,0.10746841720575315,0.044853997364920364
181610,0.062151378260281984,0.050410187799239045,0.009279258469040527,0.0027459875286611826,0.00228502850556118,0.007190661158138353,0.008028899969299617,0.01139972888745896,0.04418240707957485,0.012623700786284992,0.010781479104275734,0.002282080216858764,0.6266519078299535,0.14434703322563244,0.005640261179738838
128224,0.017989975919227536,0.008939697642432739,0.0017030969410825212,0.0016153611781438962,0.268506675283521,0.015054888292390389,0.0027026194902715663,0.08609853834933205,0.5787577111571084,0.005447139743045171,0.0046221526411003655,0.0021377231639694767,0.0009330238947361867,0.004208508415262933,0.0012828878883758543
202870,0.003974668567071521,0.0029299786913646506,0.007822777789132741,0.002016225559438132,0.019686412533125513,0.0009455602694261051,0.11668828159193799,0.0020970975726191873,0.01568876217783483,0.00608750453185384,0.0008740718307962582,0.004091584202877308,0.8014401787759885,0.015532464989276488,0.00012443091725701549
112539,0.002546250679496171,0.010450052378806498,0.2358263770164468,0.007477686679243365,0.0027602668547310107,0.003330898947765501,0.0023049490962451153,0.006256526368906382,0.4667646169982322,0.05518344469597493,0.006173513993146809,0.0027720411584635654,0.00827809188841165,0.18801840386065813,0.0018568793834720767
127831,0.7016982634352874,0.0224215137146139,0.029156003539032586,0.027913336701830136,0.076446833568216,0.0012842549957883195,0.002360809219325853,0.009396513517668608,0.006792359423890077,0.008826717737062418,0.0019598417408943952,0.011394309024088107,0.011360189982497316,0.07683937087402917,0.012149682525775769
155609,0.006492606920076386,0.02411941261162771,0.04311013926088836,0.03884816401332961,0.008851350639730669,0.381803811904891,0.002686729116655605,0.08710376728092702,0.02108109277774412,0.08405603083319142,0.19970832145261552,0.03708323832803688,0.053279118195278745,0.00517956715745088,0.006596649507555956
136623,0.02060717255502735,0.09154868587168952,0.028041182774395254,0.030449231029273296,0.02369147859575099,0.03986854574561686,0.013675208437482888,0.07600045792502028,0.03248209221746358,0.29243251279301424,0.20990964374214824,0.032219921632638086,0.0730602124385685,0.012235267568665421,0.023778386673245652
142106,0.022546833196174336,0.0420859607456432,0.0033114847899433837,0.01009621029682479,0.0019939589304640015,0.020742004029862707,0.003597962265499379,0.6057844411127096,0.0037284159845699144,0.008083106454084906,0.08408503376364833,0.14046514631773793,0.04679749431178579,0.003049342361023597,0.003632605440028457
114336,0.004332719318414599,0.00892248109356077,0.011007737954324703,0.0025370247831345036,0.6288013116189913,0.029751392981059298,0.0021661128385894726,0.04223533569524186,0.2231516182572219,0.005107646153196616,0.02965227597039857,0.007837377587959507,0.0013192918351058276,0.0027917953715392418,0.00038587854126177074
114286,0.6514802643721166,0.0036209776736648176,0.26083148068747686,0.0015755348461354408,0.011191159012738084,0.0029948493902474953,0.001006813446459815,0.01104997833618021,0.0158440653189526,0.004177377038466119,0.0022998852014726005,0.03217174027211791,0.000498483010187356,0.00036587752845512885,0.0008915138653290265
168144,0.002672785637980473,0.00017861432036040382,0.0025145664070587714,0.3548694795433715,0.0030213770732923366,0.0022334410847482783,0.0006320133247441157,0.01532872239105593,0.020072687070946667,0.015008063415136129,0.0012715831365807955,0.006674658061560539,0.0004008265748484987,0.0028746572458260423,0.5722465247124895
200173,0.006477563510932139,0.009423354643866387,0.0016214895030406198,0.004854253657887061,0.0021810694957961393,0.0022801134358722513,0.0010075516141394988,0.0032198450726009255,0.4240026470945237,0.005285585443743855,0.011428547686477528,0.515983235387246,0.0006036965947641429,0.005547962802034851,0.0060830840570749375
219206,0.41476499511510817,0.02605015158691705,0.02039532943879124,0.010986951076516446,0.004998478887023722,0.11749396989578992,0.0036750406321108503,0.19575038668951156,0.14408879492408308,0.0065078785534533,0.01405924259800509,0.023579498975643334,0.0023062325281336033,0.006351459748601553,0.00899158935031115
165350,0.002864161766516514,0.004191454630109252,0.00673412454729889,0.0017055494261143777,0.0003388223481724084,0.0005148515986004139,0.0006647118779093363,0.0017244034863106445,0.0007154154578358,0.10220719420584984,0.14279812443602982,0.0007638436035022533,0.022036859810790437,0.7102252579711061,0.002515224833854044
102708,0.08179395477947052,0.13713377017860456,0.2074356757323529,0.03153858402260394,0.07827869922757115,0.031769728175337596,0.01604085110534266,0.06674827798685233,0.09745278301567699,0.04697268223385847,0.10647388049175466,0.054593920336048825,0.0190315483889702,0.007210946408789549,0.017524697916765492
137057,0.04283508829073876,0.09134588454447906,0.03524295514042331,0.006468513934340017,0.22890155781640495,0.017366736775643234,0.0023779263623128176,0.062021759885001894,0.43268729381278115,0.027387351268252074,0.035059593751376385,0.007472317375046882,0.004607903561225687,0.004010630071756723,0.002214487410217316
114759,0.011732258042608351,0.009619777888576538,0.055701025494606655,0.003826165353467377,0.0009398849320973694,0.004367669389819853,0.0016517048070161732,0.30202614210518847,0.0034808696093079233,0.044042694136409856,0.39045192689345154,0.12766232468051505,0.03389405472276706,0.0025582258731041297,0.008045276071063513
167942,0.017516248905732903,0.006506560593207427,0.005532548853742904,0.0022669982604405637,0.0012132557698154966,0.002378501648989818,0.010107683525922994,0.0031430719943314903,0.0028435077015762445,0.02691310517868233,0.20524232908063425,0.006660368480872907,0.6962831562627005,0.011916298133568365,0.0014763656097818148
187572,0.004209195310872791,0.00414368492906776,0.000533605774372112,0.9465525763085431,0.000803867983654123,0.0007525438777858165,0.00012489974173905097,0.008525273387276041,0.008644138968622856,0.0005948066236636973,0.00010888727824761115,0.0020717120052442936,0.00014427318725790972,0.005546613091254533,0.017243921532398447
208609,0.0025872630454375095,0.0010841161998051995,0.002135092841392083,0.003725341117116591,0.0017731779483521877,6.670071257740853e-05,0.0003151027027772911,0.0004198806297834738,0.02279975778535986,0.0016276138972460617,0.0028036829456236337,0.00013334328996128278,0.5002891476695438,0.4567431773880314,0.0034966018269923013
149653,0.02261729481366685,0.019872614210410283,0.016721836187021895,0.10776836812965528,0.09335760313433213,0.03919965634182404,0.004282850528645934,0.34557752580690126,0.2614383377349256,0.009395111482677897,0.033063355645423634,0.01759937255154636,0.0009403799977869935,0.0167022905580775,0.011463402877104185
208700,0.03962651594539441,0.07525179060168612,0.04889084707541655,0.012225254392464436,0.6030751573527816,0.01681762492438437,0.006295030983701738,0.07402900700866723,0.023198504555852782,0.04364753643162253,0.0027889409833788906,0.03658588872262945,0.0008987523350991838,0.013207594009004701,0.0034615546779158107
174823,0.0011840860062432568,0.0075011519148347,0.0014678223804388839,0.3285504280402015,0.007961318143742499,0.0021996945097711882,0.0006302079493634452,0.3032053882292329,0.1630227476334072,0.001722711086222274,0.0007022719460105508,0.03239310531424317,0.0007653456467542069,0.0004231968325525099,0.14827052436698152
117704,0.00021826456388024772,0.0039572123404026,0.005809754419881989,0.0019868578553960273,0.0003185485132811793,0.005811866530822327,0.0009879657724432857,0.0024385839557982854,0.002843476392467816,0.10307175737277748,0.83671713608431,0.003533714499202685,0.027360494880066963,0.004140738851352931,0.0008036279679161747
176516,0.004014438406280786,0.05366851689909104,0.0025347046285481307,0.002794916384263606,0.0077975396248015855,0.3150709639302633,0.0017446874617509135,0.13244831740046764,0.006858590147403823,0.0009298386679133605,0.463399042222324,0.002306749792570609,0.004951624160574579,0.0008782444812941894,0.0006018257924523784
223140,0.01064938853860524,0.43513877481958596,0.051763380246441046,0.02331981257794805,0.01662332427416093,0.06675777702066195,0.04119600966761125,0.08744432604831853,0.02495002628402182,0.10070814161381342,0.05540548097223722,0.05789101849915029,0.0022641404058405096,0.01099330639298953,0.014895092638614126
179939,0.00013277086945940182,0.006172890937078139,0.005388380880774741,0.0010439368055863382,0.00011395291860723495,0.005437219431505577,0.01917031380507858,0.029488536638518133,0.0010787145880134818,0.014231827277179665,0.0011510011186279129,0.9097353681854001,0.0017107625370701767,0.0034922534182791985,0.001652070588821244
218972,0.0037634523542675936,0.001940449002919122,0.0014208918777790255,0.7381478955544188,0.0033270508431590714,0.0009107840421212131,0.00035508282323784904,0.02105873031800645,0.00165294056600183,0.0014520622533992695,0.0013025174721172812,0.004232134348845009,0.000129833753311638,0.014389973923705961,0.2059162008667101
190329,0.9716341585566775,0.012293362133863485,0.0010844740646186069,0.0022501125447649535,0.0015445738876644626,0.002045764612728676,0.00023753780114146405,0.0028320693768313803,0.0004367116280296784,0.0008262185181321332,0.0010030359861381715,0.0033576695121655203,0.00015656574872056458,0.00023698226500468687,6.0763363518861105e-05
206156,0.0010032836152307888,0.023225762143279538,0.0025729811391098254,0.4118361445709549,0.02618337424339018,0.004441124025165819,0.0007580535174120489,0.0725013255849788,0.32609896886592066,0.0037140968568492587,0.0010258125480285007,0.05148895556396227,0.0010612540008224996,0.0007325440963568845,0.07335631922853797
178411,0.007649219641818206,0.022843511941820497,0.15960436464051334,0.04602792357267824,0.017407951582966135,0.008354886645169852,0.006796004155266401,0.1774265969058257,0.017947345054419965,0.17081115024741134,0.04130265915231495,0.23040445301363352,0.006620996177619661,0.013862336547708737,0.07294060072083337
149923,0.010910024548068742,0.026926014457521734,0.0055535746564619026,0.004257244831022834,0.024650418971843436,0.25982139668129206,0.0031424143362577487,0.23962145346597358,0.04179688342045128,0.018786371889493083,0.04952912924524315,0.01679431353347654,0.2844625158571083,0.00884362252688177,0.0049046215789037475
169482,0.001160916783572042,0.0003584879530763231,0.000645607999250968,0.0001342263986971104,0.0005760632259887209,0.0006624725084324538,0.00017440955171974396,0.00013999360463906347,0.00043550409756977146,0.0009456545099707776,0.003085150208279405,0.0008538371524488679,0.9883943005887286,0.002286117785508395,0.00014725763211774422
175582,0.007671411032959863,0.0032343705263363255,0.8370819086611869,0.022545457237658804,0.0030365313300154922,0.0006941796847220959,0.0022825221572718734,0.042821960166042713,0.002903147791689456,0.02359091224760874,0.0037457932930411108,0.013734615101038898,0.0019862132441942214,0.02333442216192278,0.01133655536431066
154190,0.01510045746508892,0.021919876284954266,0.3595733645135598,0.0036361813432189876,0.18088328529113995,0.002494046198894461,0.1824324652923526,0.0037092136712250086,0.025968458426266505,0.16442085882087198,0.013350560712333195,0.02114403820537019,0.001690711694148932,0.0026460934878959354,0.0010303885926795128
205039,0.05584257369090617,0.221431443297007,0.04944833178511201,0.007480697848844844,0.08010230693761627,0.09988292610022717,0.001539508122758538,0.1728956290131463,0.17383874520156917,0.05390715899436822,0.012866242111786537,0.03155372373137406,0.01335626766999733,0.010577609550961918,0.015276835944324515
105550,0.00011238220884341402,0.00017162088882628516,0.0006879693708786646,7.746935186133709e-05,3.0041545379761723e-05,0.0005896454488363896,0.00017543971228225526,0.00026686997780870167,0.0014004235663929697,0.0012026851617411478,0.002009945202478253,5.816999671882952e-05,0.9921472802805096,0.0010413035882284865,2.8753699213754632e-05
166717,0.019590611321667017,0.0763528747299711,0.24219043621314273,0.12942295952471697,0.01261485697187528,0.0366778704222991,0.037083363748476574,0.11363109244918053,0.012509780591422532,0.14166537486623645,0.03861730936758893,0.04136912843930481,0.05722811715759423,0.01822865924325386,0.02281756495326973
205910,0.024885904242997754,0.021805454235761305,0.002290564458528363,0.01026551707300551,0.001725917309835497,0.01669036576784936,0.0005211409268357566,0.003628070683062033,0.002257458369765558,0.06339993048051189,0.8391746719172982,0.0037066932060918854,0.002900179348234627,0.004871453106804462,0.0018766788734177133
110708,0.013916826594091235,0.038253893970443445,0.010274952704339996,0.018153418966484678,0.3652076251291227,0.0043129556395613755,0.0022136955256002095,0.09129193513099357,0.3724954537921667,0.003571294730897758,0.004657292153441003,0.04796515053654442,0.015503598930784412,0.00571051156499385,0.006471394630534748
187002,0.007285368713641988,0.2602965124892383,0.024513138024890514,0.01728266602619154,0.006943437605115252,0.04433625413245804,0.011315586413005483,0.13910403033610116,0.012129988671058117,0.12534522936424353,0.07052297854929715,0.16285714786684216,0.10946765859701216,0.0054993528107752645,0.003100650400129388
116261,0.0005336118617200581,0.0007920985905574581,0.0014993755576652227,0.5606501114950313,0.003929710792483772,0.00010512138497729624,0.0002992932265340916,0.17179034500727547,0.045990874584363885,0.008767479203982402,0.000262319008173873,0.005207719540025008,4.068150392405112e-05,0.0028868881760449427,0.1972443700672414
140525,0.00459332019323127,0.020698148939518053,0.00733936958969452,0.008110776673763335,0.0014104317202413416,0.18024525681624362,0.0019384415666281424,0.01304949645305764,0.0014398931502393579,0.4246283870253981,0.3120579244462145,0.015798749557127074,0.0021329484622265187,0.003641199764759487,0.0029156556416569824
144760,0.0016368868330026232,0.0005914883055572808,0.0005517867888809877,0.0016254532004798437,0.0025186479382658645,0.0005739215789756894,0.009454992735741205,0.00014723721808629017,0.002100777008712294,0.0004374882617284025,0.0010589891862925996,0.0011754220242506965,0.9745066300454492,0.003554826088066694,6.545278651035865e-05
178307,0.002806018127835966,0.003105732796487511,0.005387151728369009,0.006573589724338222,0.0026607465248118644,0.0003741437132238574,0.0014397716640129489,0.001963334057609514,0.0009928341607972795,0.08976283815334965,0.006129382110991282,0.003509512703509012,0.017826263873406335,0.8539401454059544,0.003528535255303184
190192,0.021459539103737057,0.00303061104855011,0.014718530138211906,0.000801356836510079,0.009330194300533544,0.00011488281406965164,0.004181873362175344,0.0003463377406823807,0.013619075446783206,0.009519214405772183,0.00047700559832703,0.0015456823424449778,0.7206234666456213,0.1968402984026408,0.0033919318139404037
121612,0.00014843126741462655,0.0027310770544300166,0.24304061657899634,0.0731705531533269,0.0026549734311350323,0.00010737719219335636,0.003592074534914541,0.002765463296425537,0.0012447687383204046,0.5712208177449033,0.0006105781959446905,0.001992573942882719,6.900531175234283e-05,0.0006356327060461927,0.09601605685131386
102796,0.010482011543025069,0.0012011031224279014,0.0014742757252170034,0.0015543663661672271,0.0010570524808549673,0.0004820067868862891,0.0019882401967292003,0.0001986677944148338,0.003330666525109354,0.0013802238214017575,0.0007538837800496643,0.0002337957901074509,0.498559839502038,0.4749501190932095,0.002353747472361707
194008,0.2222443219974004,0.1770025764551774,0.013703655723700301,0.02446118336449575,0.012788542439661538,0.05764342826747657,0.0023116856613359547,0.2789880159659929,0.019934885841708137,0.009420866275488883,0.0360043554243794,0.1153230218255374,0.010493107155257624,0.010737662191165998,0.008942691411221787
220794,0.025028237871471713,0.01151913714884721,0.012755565211877732,0.15791256689595295,0.0031615547774131495,0.0038199275268388853,0.0012066130656264813,0.03206698662947976,0.09276999597085915,0.018627630182763567,0.016004388226419565,0.01965014857793143,0.28158611502132097,0.2972309478426457,0.02666018505055173
171810,0.001144064383835181,0.02988081942722793,0.027266532836263912,0.010097856214411784,0.0003370177250907656,0.009030661386434047,0.022411849077710447,0.44297965909190906,0.000541575647901306,0.07888471160515376,0.017857338578786568,0.35192258216437816,0.00133375488141484,0.0016774253713028806,0.0046341516081795115
215438,0.013544039974814598,0.041784936682671074,0.057850343238149575,0.17167225677182657,0.01161508369384429,0.0025517164176941903,0.002332270359981505,0.03576161753168666,0.10633535931797641,0.04324056174309853,0.10469149262658266,0.0942677178282749,0.050634738770840126,0.18176956673321568,0.08194829830934332
164675,0.00033560778892108517,0.0025580451889189583,0.0020955555066397573,0.004703878281731865,0.0017639551997908445,0.34709876118694777,0.00038148029433782816,0.0034039861932829416,0.011194424435518928,0.38060412799784993,0.2340605039522255,0.0036107482951318417,0.005665889446031276,0.001174576823552868,0.0013484594091184789
208853,0.33639165645311836,0.22268083408812903,0.008832936097881734,0.005213017855224082,0.02306135727023581,0.06456355201331603,0.002761300184705367,0.17774251794089568,0.1049102479932732,0.01319950624666204,0.00614769012923167,0.006694871597201319,0.012885888963640412,0.009721249930058695,0.0051933732364267335
168095,0.02837522530924403,0.009260752266858779,0.012682115543162814,0.029894948705632408,0.0038081029180443236,0.01577926912472973,0.0015126087446202105,0.025214721332959364,0.4571747730011547,0.006910829208604467,0.004557678876889036,0.11823830843708166,0.00361068366481481,0.1605340690410194,0.12244591382518417
177770,0.0005205279913651056,0.002252742709828701,0.25365502766627646,0.0046510604350193325,0.0007450670900289495,0.00024131966562023914,0.4274801963317279,0.00317628316350144,0.00031657526057464794,0.29596639842509476,0.0017926969806676947,0.007325371327726757,0.00021502512130948886,0.0006668289247113008,0.000994878906547087
216289,0.025679264560446044,0.03135763926702176,0.020243349602340584,0.021895313221594933,0.0013277262416610202,0.00043956843497683807,0.0010978063656661772,0.0024151798977927975,0.00794666758919122,0.11210583084620512,0.007034046141093248,0.0012491992509316432,0.009229541076245844,0.7161805638236008,0.041798303681232045
174800,0.4761729273754775,0.0772138624583115,0.0007825498218462846,0.005511893542665647,0.0023849149483558796,0.02274097696109289,0.0007923309815754757,0.1701394746806485,0.05310736400235589,0.00279481410305678,0.0008324389801701946,0.18089337342902043,0.0025825709660811675,0.001804262597681146,0.002246245151660749
100893,0.0026514973550377965,0.05212326851854244,0.04658599182929616,0.5016066993123384,0.0025748229768948897,0.006024323094764225,0.010682013046540024,0.0825500633974638,0.010779224644694439,0.12496704883611205,0.03872695292233177,0.0915742319063567,0.002961687073112802,0.021218872192201806,0.004973302894312771
186563,0.018610891111460685,0.024266034818820316,0.24262938077807186,0.0910592935620294,0.03932888192501275,0.010205137183059817,0.03169347451980042,0.018376638968499247,0.02028698168005794,0.35129838990388734,0.0181236726225987,0.039923425957481114,0.011923596900095612,0.06965701295989034,0.012617187109234474
